<?xml version="1.0"?>
<opencv_storage>
<Error>2.5735747991337410e-01</Error>
<K2 type_id="opencv-matrix">
  <rows>3</rows>
  <cols>3</cols>
  <dt>d</dt>
  <data>
    1.0651993637479698e+03 0. 9.7667057068402676e+02 0.
    1.0652428365958365e+03 5.5362312921089563e+02 0. 0. 1.</data></K2>
<D2 type_id="opencv-matrix">
  <rows>1</rows>
  <cols>5</cols>
  <dt>d</dt>
  <data>
    7.5089241853714518e-03 6.3720406588270592e-02
    -1.6092169982991959e-04 1.6942589764670376e-03
    -9.1977774116667577e-02</data></D2>
</opencv_storage>
