<?xml version="1.0"?>
<opencv_storage>
<Error>3.1288787219812469e-01</Error>
<K1 type_id="opencv-matrix">
  <rows>3</rows>
  <cols>3</cols>
  <dt>d</dt>
  <data>
    1.0654802398953852e+03 0. 9.5142772422784890e+02 0.
    1.0662745097497702e+03 4.9761929541129695e+02 0. 0. 1.</data></K1>
<K2 type_id="opencv-matrix">
  <rows>3</rows>
  <cols>3</cols>
  <dt>d</dt>
  <data>
    1.0668056847505950e+03 0. 9.6863247403888533e+02 0.
    1.0666297385316864e+03 5.5422950663702557e+02 0. 0. 1.</data></K2>
<D1 type_id="opencv-matrix">
  <rows>1</rows>
  <cols>8</cols>
  <dt>d</dt>
  <data>
    2.8476156881692610e-02 4.4924304092021590e-02 1.3965686282697704e-03
    -2.7273531257395931e-04 4.5660643529332044e-02
    -1.6945879086301646e-03 4.6157526711417908e-02
    8.4717924452965887e-02</data></D1>
<D2 type_id="opencv-matrix">
  <rows>1</rows>
  <cols>8</cols>
  <dt>d</dt>
  <data>
    1.3603908767909550e-02 1.1757529446741249e-01
    -3.6239308193839934e-04 8.6024947253967774e-04
    3.9553665911687554e-02 1.3424330681778985e-03 5.9165116536808227e-02
    1.3236009684476657e-01</data></D2>
<R type_id="opencv-matrix">
  <rows>3</rows>
  <cols>3</cols>
  <dt>d</dt>
  <data>
    9.9944989960160546e-01 6.3899611339346034e-03 3.2543303198162260e-02
    -4.8863578330639200e-03 9.9892603788258971e-01
    -4.6074877615878529e-02 -3.2802769600568299e-02
    4.5890513582849943e-02 9.9840775190782360e-01</data></R>
<T>
  -7.2850649811295750e+02 1.7332599983733409e+01 -1.1816398661010892e+01</T>
<E type_id="opencv-matrix">
  <rows>3</rows>
  <cols>3</cols>
  <dt>d</dt>
  <data>
    -6.2629643600105744e-01 1.2599110211464371e+01
    1.6760563062310343e+01 -3.5706929265516067e+01
    3.3356031018660182e+01 7.2696199038686336e+02
    -1.3763321880084931e+01 -7.2783486437194313e+02
    3.3001787686443656e+01</data></E>
<F type_id="opencv-matrix">
  <rows>3</rows>
  <cols>3</cols>
  <dt>d</dt>
  <data>
    4.7350413677336414e-08 -9.5183152549055145e-07
    -9.2153777073965119e-04 2.7000261710324978e-06
    -2.5203810883833769e-06 -5.9884332168620408e-02
    -4.3222405706144480e-04 6.0978348475162210e-02 1.</data></F>
<R1 type_id="opencv-matrix">
  <rows>3</rows>
  <cols>3</cols>
  <dt>d</dt>
  <data>
    9.9862017801678116e-01 -1.6625214118563506e-02
    4.9813073718094528e-02 1.7756215485671512e-02 9.9959253525561953e-01
    -2.2349055301496553e-02 -4.9421218817010178e-02
    2.3202709254629507e-02 9.9850847638559703e-01</data></R1>
<R2 type_id="opencv-matrix">
  <rows>3</rows>
  <cols>3</cols>
  <dt>d</dt>
  <data>
    9.9958568414818871e-01 -2.3782106072746327e-02
    1.6213311714212468e-02 2.3406493151644375e-02 9.9946197750513188e-01
    2.2975891710078491e-02 -1.6751003681558928e-02
    -2.2586875664329303e-02 9.9960454026749224e-01</data></R2>
<P1 type_id="opencv-matrix">
  <rows>3</rows>
  <cols>4</cols>
  <dt>d</dt>
  <data>
    1.0662745097497702e+03 0. 8.9777996063232422e+02 0. 0.
    1.0662745097497702e+03 5.2563994598388672e+02 0. 0. 0. 1. 0.</data></P1>
<P2 type_id="opencv-matrix">
  <rows>3</rows>
  <cols>4</cols>
  <dt>d</dt>
  <data>
    1.0662745097497702e+03 0. 8.9777996063232422e+02
    -7.7710987806599750e+05 0. 1.0662745097497702e+03
    5.2563994598388672e+02 0. 0. 0. 1. 0.</data></P2>
<Q type_id="opencv-matrix">
  <rows>4</rows>
  <cols>4</cols>
  <dt>d</dt>
  <data>
    1. 0. 0. -8.9777996063232422e+02 0. 1. 0. -5.2563994598388672e+02 0.
    0. 0. 1.0662745097497702e+03 0. 0. 1.3721026329036250e-03 0.</data></Q>
</opencv_storage>
